0.78539816339744827899949086713605,
0.46364760900080609351547877849953,
0.24497866312686414347332686247682,
0.12435499454676143815667899161781,
0.06241880999595735002305474381501,
0.03123983343026827744215445648024,
0.01562372862047683129416153491320,
0.00781234106010111114398730691732,
0.00390623013196697175739013907503,
0.00195312251647881875843415500071,
0.00097656218955931945943649274966,
0.00048828121119489828992621394121,
0.00024414062014936177124474481204,
0.00012207031189367020785306594544,
0.00006103515617420877259350145416,
0.00003051757811552609572715473452,
